6 0.463541666666667 0.38671875 0.272916666666667 0.1984375
6 0.745833333333333 0.42578125 0.295833333333333 0.1671875
6 0.791666666666667 0.2515625 0.304166666666667 0.1375
6 0.435416666666667 0.5796875 0.225 0.171875
6 0.678125 0.6078125 0.297916666666667 0.14375
6 0.352083333333333 0.690625 0.3 0.13125
6 0.677083333333333 0.75078125 0.245833333333333 0.1859375
6 0.545833333333333 0.8109375 0.191666666666667 0.178125
6 0.464583333333333 0.8890625 0.183333333333333 0.221875
6 0.14375 0.65234375 0.233333333333333 0.2765625
6 0.817708333333333 0.06796875 0.352083333333333 0.1359375
